384549882
370745311
309787037
54044474
463402815
90448944
360286627
385624852
310483807
461867584
90544017
363260203
146172354
361413119
400595342
149601557
146589986
304021498
464296022
374908020
447283466
20318757
388624270
297967252
141482386
238374636
47384844
143994283
140706664
341420329
291555748
182943944
175310067
155044736
96246348
97700520
427508467
114018671
139853601
107782586
440801822
65212867
156115721
169904935
238597883
106997505
124709665
88863718
50365310
341186896
54390047
341729521
142918609
317951248
93963408
259353953
108835813
7561203
88684250
207277638
113553629
52548453
320536216
425220920
33091633
148659924
177126182
127476180
93594834
5772442
73038411
268371979
347098457
133654092
333821572
409459226
125894957
177722855
174599051
280437559
453209605
445586472
178367144
179159972
179155220
25799609
141776043
265077027
5109298
279999655
92880568
249067445
146434840
146467675
44792534
449050248
319312479
449050247
245947683
189013222
146438872
262330063
219205407
167714792
434234955
399871011
146520535
408137826
248434716
67772767
332660150
425163745
278198753
260476837
220475245
260130483
260417932
206474443
100921768
175532955
300557619
261258875
176796997
300599466
382068562
301051430
278199349
278775625
271722899
150167117
294869729
207237016
348844154
259389219
153027658
