124543547
229384040
102283403
250484865
42755801
123958679
66561343
33690636
333607525
284288080
438295981
437984134
120269103
25334160
167031605
123846039
92013169
237808867
34077285
37084932
219380235
255704097
32497972
14165625
232025086
237920046
220459826
219344917
219229644
200807066
271596418
358460246
381976956
44797824
231728511
238898571
309254930
372913430
321011127
150430484
198008005
404467699
306338882
269558487
160222069
138727432
29918916
40083958
423670610
33595516
42015200
231289421
229141709
32283946
380886535
